============================================================
------This Is A Small Random Number Generator Program.------
------------Coded By Xu Haoxiang. ID 3121103330.------------
============================================================
 
 
==========<<SUMMARY>>==========
Random Number Scale:     100
Generation Method: Forsythe
 
The Max Capacity is NOT Reached
===============================
 
Array Length  |  Random Num  |  Uni. Skewness  |  Ind. Skewness
        1        0.12340000      0.85000002        0.00000000
        2        0.52270000      0.44999999        0.00000000
        3        0.45010000      0.44999999        0.00000000
        4        0.52670000      0.44999999        0.00000000
        5        0.70670000      0.25000000        0.22222222
        6        0.22180000      0.28333330        0.22222222
        7        0.67460000      0.25000000        0.18750000
        8        0.96260000      0.19999999        0.18750000
        9        0.93700000      0.22777776        0.23999999
       10        0.19560000      0.14999998        0.23999999
       11        0.32770000      0.10000000        0.22222222
       12        0.40980000      0.11666667        0.22222222
       13        0.42910000      0.14230770        0.20408164
       14        0.58450000      0.11428571        0.20408164
       15        0.08080000      0.13333333        0.18750000
       16        0.72270000      0.12500000        0.18750000
       17        0.83940000      0.10588235        0.14814815
       18        0.66340000      0.12222221        0.14814815
       19        0.68570000      0.13684210        0.14000000
       20        0.48930000      0.15000001        0.14000000
       21        0.55130000      0.16190477        0.13223140
       22        0.97510000      0.17272727        0.13223140
       23        0.75720000      0.18260871        0.11111111
       24        0.83450000      0.19166668        0.11111111
       25        0.18830000      0.16000001        0.10650888
       26        0.71360000      0.16923077        0.10650888
       27        0.43700000      0.17777778        0.10714287
       28        0.18430000      0.15000001        0.10714287
       29        0.05390000      0.12413794        0.09333333
       30        0.99330000      0.13333333        0.09333333
       31        0.35380000      0.10967743        0.09375000
       32        0.14290000      0.08750001        0.09375000
       33        0.05580000      0.06666666        0.11418685
       34        0.79730000      0.07647058        0.11418685
       35        0.44890000      0.08571428        0.09876543
       36        0.79070000      0.09444445        0.09876543
       37        0.49450000      0.10270271        0.09972299
       38        0.10010000      0.08421054        0.09972299
       39        0.94990000      0.09230769        0.10000001
       40        0.50840000      0.09999999        0.10000001
       41        0.29290000      0.08292684        0.11564626
       42        0.89100000      0.09047619        0.11564626
       43        0.09730000      0.07441860        0.11363636
       44        0.66940000      0.08181819        0.11363636
       45        0.51320000      0.08888888        0.11531191
       46        0.35360000      0.07391304        0.11531191
       47        0.14670000      0.05957448        0.09722222
       48        0.18730000      0.05000000        0.09722222
       49        0.74760000      0.05306122        0.09920000
       50        0.00250000      0.05999999        0.09920000
       51        0.18690000      0.07450981        0.08875740
       52        0.04670000      0.08846153        0.08875740
       53        0.87280000      0.08301885        0.08779150
       54        0.07590000      0.09629630        0.08779150
       55        0.62450000      0.09090908        0.08163265
       56        0.73990000      0.08571430        0.08163265
       57        0.20670000      0.08070175        0.08085612
       58        0.29370000      0.07586206        0.08085612
       59        0.07070000      0.08813559        0.06666666
       60        0.07640000      0.10000001        0.06666666
       61        0.54010000      0.09508197        0.06659730
       62        0.12630000      0.10645162        0.06659730
       63        0.82140000      0.10158731        0.06640625
       64        0.37420000      0.09687500        0.06640625
       65        0.73670000      0.09230770        0.06611570
       66        0.56730000      0.08787878        0.06611570
       67        0.79290000      0.08358209        0.06141869
       68        0.98120000      0.07941176        0.06141869
       69        0.79930000      0.07536231        0.06122449
       70        0.42730000      0.07142858        0.06122449
       71        0.15400000      0.08169015        0.06095679
       72        0.58040000      0.07777779        0.06095679
       73        0.93810000      0.07397260        0.06062820
       74        0.44730000      0.07027026        0.06062820
       75        0.96120000      0.06666668        0.05678670
       76        0.99440000      0.06315790        0.05678670
       77        0.58170000      0.05974026        0.05917159
       78        0.84420000      0.05641027        0.05917159
       79        0.10710000      0.06582280        0.06000000
       80        0.04130000      0.07500000        0.06000000
       81        0.44230000      0.07160492        0.04997027
       82        0.82660000      0.06829269        0.04997027
       83        0.56050000      0.06506024        0.04988662
       84        0.33090000      0.06190477        0.04988662
       85        0.54690000      0.05882354        0.05354245
       86        0.09690000      0.06744187        0.05354245
       87        0.29940000      0.06436782        0.04958677
       88        0.90110000      0.06136362        0.04958677
       89        0.97890000      0.05842696        0.05185185
       90        0.20860000      0.05555557        0.05185185
       91        0.41980000      0.05274726        0.05245747
       92        0.75700000      0.05000000        0.05245747
       93        0.77880000      0.04731183        0.05024900
       94        0.95510000      0.04468085        0.05024900
       95        0.38310000      0.04210526        0.05121528
       96        0.58980000      0.03958333        0.05121528
       97        0.59520000      0.03917527        0.05456060
       98        0.10480000      0.04489796        0.05456060
       99        0.23760000      0.04242425        0.04840000
      100        0.49000000      0.03999999        0.04840000
